%% 单峰函数
% %------ n1 Sphere function  (-100 100)
% function y=f(x)   %sphere函数
% d=length(x)  ;
% a=0;
% for k=1:d
%     mx=x(k).^2;
%     a=mx+a;
% end
% y=a;    %最大变最小加负号
% end

%%
% %------- 2 Schwefel‘s P2.22 function  [-10 10]
% function y=f(x)
% d=length(x);
% z=0;
% p=0;
% for k=1:d
%   z=z+abs(x(k));
%   p=p.*abs(x(k));
% end
% y=z+p;  %最大变最小加负号
% end 

%%
%------- 3 Rosenbrock function  [-5.12 5.12] [-30 30] （1 0）
% function y=f(x)
% % f1 is Rosenbrock function
% % The variabe x is a vector
% 
% d=length(x);
% z=0;
% for k=1:d-1
%   z=z+(100*(x(k+1)-x(k)^2)^2+(x(k)-1)^2);
% end
% y=z;  %最大变最小加负号
% end

%%
%------- 4 Noise function  [-1.28 -1.28]
function o = f(x)
dim=size(x,2);
o=sum([1:dim].*(x.^4))+rand;
end


%%
%------- 5 Schwefel 2.26  [-500 500]   o=418.98288727243369  418.9829
% function o = f(x)
% d=length(x);
% o=sum(x.*sin(sqrt(abs(x))));
% o=418.98288727243369*d-o;
% o=(o);
% end

%%
%----6---Rastrigrin Function [-5.12 2.56] [-5.12 5.12]  （0 0）
% function y=f(x)
% % This Rastrigrin Function
% % x is a vector
% d=length(x);
% y=0;
% for k=1:d
%     y=y+(x(k)^2-10*cos(2*pi*x(k))+10);
% end
% y=y;  %最大变最小加负号
% end

%%
%----7---1 Ackley Function  [-32 16]  [-32 32]
% function y=f(x)
% d=length(x);
% y1=20*exp((-0.2)*sqrt((sum(x.^2))/d));
% y2=exp(sum(cos(2*pi*x))/d);
% y=20+exp(1)-y1-y2;
% y=y;  %最大变最小加负号
% end

%%
%----8--- n2 griewank function  [-600 600]
% function y=f(x)
% global dim
% a=1;
% for i=1:dim
%     a=a.*cos(x(:,i)./sqrt(i));
% end
% y=sum(x.^2,2)./4000-a+1;       %+fbias;
% end


%%
%---9----Penalized Function([-50 50]) 维度越高，越接近sphere函数
% function y=f(x)
% dim =length(x);
% a=10;
% kk=100;
% m=4;
% sec2=0;
% yy=zeros(1,dim);
% for k=1:dim-1
%     yy(k)=1+(x(k)+1)/4;
%     yy(k+1)=1+(x(k+1)+1)/4;
%     sec2=sec2+(yy(k)-1)^2*(1+10*(sin(pi*yy(k+1)))^2);
%     if x(k)>a
%         u(k)=kk*(x(k)-a)^m;
%     else if x(k)<-a
%             u(k)=kk*(-x(k)-a)^m;
%         else
%             u(k)=0;
%         end
%     end
% end
% y=pi./dim*(10*(sin(pi*yy(1)))^2+sec2+(yy(dim)-1)^2)+sum(u(:));
% y=y;  %最大变最小加负号
% end


%%
%-----10----Penalized2 Function([-50 50]) 维度越高，越接近sphere函数
% function y=f(x)
% dim=length(x);
% a=5;
% kk=100;
% m=4;
% sec2=0;
% for k=1:dim-1
%     sec2=sec2+(x(k)-1)^2*(1+(sin(3*pi*x(k+1)))^2);
%     if x(k)>a
%         u(k)=kk*(x(k)-a)^m;
%     else if x(k)<-a
%             u(k)=kk*(-x(k)-a)^m;
%         else
%             u(k)=0;
%         end
%     end
% end
% y=0.1*((sin(3*pi*x(1)))^2+sec2+(x(dim)-1)^2)*(1+(sin(2*pi*x(dim)))^2)+sum(u(:));
% y=y;  %最大变最小加负号
% end

%%
%-----11-----%%%%%%%%%%%%%%%%%%%%%%%%%%%%%%%%%%%%%%%%%%%%%%%%%%%%%%%%%%%%%%%%%%%%%%%%%%%%%%%%%
% function y=f(x)   %rotated schwefel函数
% d=length(x)  ;
% % MResult=M(d);
% MResult=[0.0282757583712074,-0.524957392353352,-0.327630818431575,-0.0388964477318176,0.606106935471850,0.0964607263465828,-0.328324878286362,0.0606482097770786,0.169159799523914,0.134980183732558,-0.119285272588365,-0.00139989985447308,-0.130961128673723,0.0252153213634133,0.0730530567190670,0.0725245349180152,0.147084904319645,0.0651494795193141,0.0460607117205233,-0.0553597757773474,-0.0256236694809577,0.0158638386700624,0.0328672401313138,-0.0403933409558725,0.0360268931604594,0.00582903074614443,0.0240633761903402,0.0214917125160710,0.00870084640392542,0.00611654125187997;0.0248157543866043,0.599250307103701,-0.225927362937112,-0.385398035529653,0.160786496969976,0.473788512779948,-0.0944403520960269,-0.0654768975599573,-0.0837401763045279,0.268795865073667,-0.122763355041413,0.0438245977022139,-0.151593988424436,-0.0623902753112448,-0.0308854006042007,0.122168770997055,0.00469626404004528,-0.0391594579080114,-0.0962082270791138,0.0632607030860381,0.0658020844411568,0.0821293839626063,-0.0332069498234254,-0.0133427507892936,0.0813848648850897,-0.0370520618709248,0.0172158078713208,0.0119724004184657,0.0163344183654138,0.0479027709710960;0.0162419717804885,0.000313056821197724,0.915362965302966,-0.0858156224546505,0.281088397969496,0.125724452426097,-0.153590990906156,0.0133873328087316,0.0552089539470974,0.104699573371973,-0.0717851315704078,0.00733700248351714,-0.0818499434512336,-0.000788784252852249,0.0247962665434652,0.0522334200385981,0.0620101533248516,0.0200146397074931,0.00176833200507660,-0.0115887381679612,0.00123549775344578,0.0214373756656250,0.00766650661995020,-0.0192075874790721,0.0296871371177854,-0.00427146156047768,0.0131170470154437,0.0111002007229779,0.00656966026753751,0.0111994513043418;0.0142197924635676,0.000274080209404351,-2.76780120069314e-05,0.849411949721911,-0.0211938758288116,0.390304063703550,0.00503072285126605,-0.0737639119553364,-0.118883801012076,0.199926159700573,-0.0758640558675136,0.0388685562532115,-0.0980586700213318,-0.0615576725248757,-0.0467045829787604,0.0878724717115673,-0.0352899826843458,-0.0518541625021374,-0.0968477613560841,0.0704001495854582,0.0646638683506917,0.0678874025558588,-0.0379749593221676,-0.000895258661490659,0.0618302750028337,-0.0341067791219632,0.00867317451883119,0.00475675698847142,0.0120157655321051,0.0404364154789719;-0.0404836702232810,-0.000780304835016536,7.87991465695058e-05,-0.000449245063357277,0.626201926693711,-0.0314526868322804,0.523169753342044,-0.119367505800270,-0.305835974597026,-0.152053466269431,0.165832121891430,0.0143526345398683,0.177455535775221,-0.0592674618170419,-0.130631046226046,-0.0877975907267027,-0.244681392356734,-0.119681758111367,-0.103395932571820,0.109916290244606,0.0608854585258359,-0.00401862879488035,-0.0640650199781702,0.0638923382497986,-0.0379411561253804,-0.0199031842870389,-0.0355223666651736,-0.0326589313207415,-0.0100733416456650,0.00290072776726664;-0.0349545862113927,-0.000673734186557692,6.80371010572058e-05,-0.000387889121973286,-0.000409855458048863,0.669685847055199,0.0547970485162204,0.140166371299009,0.211726457630601,-0.439327401115099,0.180219419336687,-0.0799242778031442,0.228334080570034,0.122013739602325,0.0818690413955201,-0.195715105206136,0.0436194579689774,0.0940637716579229,0.190693904635504,-0.134275350355655,-0.128342064651470,-0.143229480936907,0.0718336597428116,0.00986599553465656,-0.134733756090679,0.0692194780940371,-0.0226733577613615,-0.0140816263172259,-0.0265208301025388,-0.0846515601586291;0.0502039096972297,0.000967658150988343,-9.77190362626570e-05,0.000557110026544602,0.000588659418834586,-0.000617173111412834,0.739008668655781,0.126462998751179,0.337084062428356,0.215872928150324,-0.208932485733227,-0.00961390770039678,-0.226722787185956,0.0581429404596245,0.144737368343529,0.119509167722412,0.280832006961785,0.130916121656887,0.103399465153723,-0.115988325844789,-0.0594644907151188,0.0173746613023589,0.0681741301841947,-0.0752167290839883,0.0560920240603377,0.0170213481250762,0.0433423205964032,0.0392488207760023,0.0140721956656030,0.00413009471316962;-0.00573939628905763,-0.000110624324566605,1.11714063203155e-05,-6.36897651643120e-05,-6.72965453159612e-05,7.05562791167325e-05,3.51227337576537e-05,0.960571492265124,-0.167630362134972,0.0589001216497231,0.0138367520213401,0.0261468832800214,0.00553886888657757,-0.0536368433771202,-0.0693624479835925,0.0188716625111156,-0.101261352140320,-0.0685260396291396,-0.0877831826922075,0.0754421252934492,0.0558840020905611,0.0359339671417996,-0.0422924438124918,0.0208899717781043,0.0212556553482084,-0.0253895556163616,-0.00712489253379176,-0.00831725377804018,0.00322713503677930,0.0231754543759080;-0.0315375554509355,-0.000607872430222871,6.13860462926372e-05,-0.000349970519435303,-0.000369789507932201,0.000387701502560122,0.000192996807971300,-0.000118267631581901,0.783701177401391,0.0457779649601158,0.109440864389386,0.0603992057748479,0.0981942272454307,-0.138504202616781,-0.205545694040629,-0.00446731524594150,-0.326501394333590,-0.198477259604420,-0.229811342129620,0.207813049252675,0.143883384776291,0.0713816648497160,-0.117696772737699,0.0739249565889861,0.0248103241191050,-0.0615710637245216,-0.0319364456289117,-0.0329682900167588,0.00165506536904283,0.0487266147172833;-0.0605718365851846,-0.00116749535535122,0.000117899612429787,-0.000672162341366205,-0.000710227198180659,0.000744629433737726,0.000370674611483023,-0.000227147841710198,-0.000444331521556162,0.753738917751289,0.289716577734097,-0.0822134138891199,0.349876682836743,0.105842917568691,0.0231856593158436,-0.266041494504117,-0.0798145048311869,0.0426464848985216,0.159752418048718,-0.0929519654851461,-0.112098983160519,-0.162987418385143,0.0469562970265822,0.0447158845556102,-0.171302950548711,0.0672680827197848,-0.0441660935626066,-0.0330086786943957,-0.0350904343660038,-0.0935515736698551;0.0610981202032357,0.00117763923927998,-0.000118923993364796,0.000678002481749508,0.000716398068350184,-0.000751099210693288,-0.000373895249763929,0.000229121435292748,0.000448192134242883,-0.000290171414597760,0.871627523899785,0.0417087992283153,-0.319378306811350,-0.0294355589923406,0.0635271722963670,0.214814471331187,0.194312088370588,0.0451210345174534,-0.0361359441701808,-0.00856800546844873,0.0322966547165085,0.102001554379625,0.00940708137079344,-0.0653307130512240,0.127260263283887,-0.0292734350306783,0.0481206856395714,0.0395985969157842,0.0274373249779859,0.0554496410215300;-0.00905947314178303,-0.000174617337218859,1.76337458536882e-05,-0.000100532475517088,-0.000106225674987297,0.000111371071703281,5.54402322331544e-05,-3.39735409589819e-05,-6.64567844153865e-05,4.30258758913891e-05,-5.17302776525904e-06,0.987422967235191,0.0629325555917606,0.0402770453404376,0.0309453292101876,-0.0567166641267516,0.0240411249100136,0.0342428932594696,0.0634130861749881,-0.0462528268721678,-0.0423032271173572,-0.0441054399361548,0.0249710581184992,0.000293510960938026,-0.0400154934879492,0.0222576102110940,-0.00547682753753026,-0.00294426624855645,-0.00776421121395229,-0.0262948352869433;0.107595987441638,0.00207386506129593,-0.000209429430136714,0.00119398675882431,0.00126160276795780,-0.00132271272786065,-0.000658442984240249,0.000403491089289898,0.000789282470344881,-0.000511002298878085,6.14381235812696e-05,-0.000153142217874687,0.754423688440705,-0.0722965720260490,0.0888774946220106,0.392461461888971,0.312079814679430,0.0561398324811072,-0.0967109051981455,0.0119856925021366,0.0782477015403405,0.196138984571256,0.00154540641661283,-0.109698174606321,0.236156699886896,-0.0617589934551697,0.0837974677640786,0.0680668481034157,0.0504236756997497,0.107945041811441;0.0129361635255346,0.000249338829455595,-2.51795017614162e-05,0.000143551895630423,0.000151681304281180,-0.000159028496803307,-7.91639755245798e-05,4.85113509923537e-05,9.48946828501156e-05,-6.14373217569716e-05,7.38664732995181e-06,-1.84121436142269e-05,1.49812751145002e-05,0.960162436628833,-0.0709979877413695,0.0975017833391602,-0.0694341387816656,-0.0760841319873807,-0.129108990614655,0.0976103858484826,0.0853227122468290,0.0822281486080004,-0.0531689700160959,0.00582015214309515,0.0711838328163167,-0.0436825860537323,0.00671893831961233,0.00225982471689189,0.0135414617183110,0.0495509421553799;-0.0303811661052548,-0.000585583537130431,5.91352006297035e-05,-0.000337138130425097,-0.000356230414939639,0.000373485629438236,0.000185920182998397,-0.000113931105584730,-0.000222864461823173,0.000144288333529194,-1.73478759022512e-05,4.32417534297144e-05,-3.51842033245588e-05,-8.11218080648569e-05,0.933707363323356,-0.0417691044970324,-0.234890886003318,-0.129521794751751,-0.133908284713079,0.128585612883305,0.0820813732471536,0.0250961898556477,-0.0736533034739175,0.0570602318246696,-0.00796145772973807,-0.0323162634905818,-0.0282665940636414,-0.0273485972542084,-0.00397452483170085,0.0197078981072407;-0.124723017023114,-0.00240398098008956,0.000242766212766537,-0.00138404446473427,-0.00146242352754797,0.00153326091424308,0.000763253328351963,-0.000467718427004311,-0.000914919722617595,0.000592343171313818,-7.12177871637756e-05,0.000177519254212917,-0.000144440801745087,-0.000333027264758905,-0.000374317272192555,0.787347266190153,-0.301857164001631,-0.0186858654962686,0.177899654068945,-0.0677522839372382,-0.133218597456137,-0.260204637356863,0.0280894225172754,0.116513988093229,-0.297712555495638,0.0918953176477569,-0.0952568026593346,-0.0755841057131743,-0.0626386511767277,-0.145609883845600;-0.206427823187775,-0.00397880497561036,0.000401799940709012,-0.00229071820798912,-0.00242044261416775,0.00253768486732035,0.00126325298147110,-0.000774116109887055,-0.00151427451996701,0.000980381282885371,-0.000117871850179377,0.000293810349490651,-0.000239062532284714,-0.000551190108828263,-0.000619528788868016,0.000381625099044695,0.638249299931924,-0.361585132496504,-0.174526367273471,0.271755608817590,0.0825512717577545,-0.196555059756342,-0.166492666430066,0.268722078303644,-0.321926934332124,0.00736179923550853,-0.171054974644551,-0.148745255485944,-0.0738174266021106,-0.0950050146833637;-0.117467459832590,-0.00226413332484289,0.000228643686045360,-0.00130352994537937,-0.00137734943461670,0.00144406597238864,0.000718852316358406,-0.000440509673742970,-0.000861695766601837,0.000557884577716073,-6.70748090665281e-05,0.000167192362416173,-0.000136038194730597,-0.000313653949206296,-0.000352541978099958,0.000217163221027443,-0.000461612573336775,0.857781432758598,-0.243654559172047,0.272798083170824,0.140246722915299,-0.0397948506733325,-0.160295347173381,0.176270896097648,-0.130618111446965,-0.0403574268667399,-0.101461792009842,-0.0919213819754118,-0.0328167388917430,-0.00912824958777550;-0.0367971080833834,-0.000709247980574107,7.16234644043962e-05,-0.000408335485915941,-0.000431459708811348,0.000452358906383525,0.000225183096822974,-0.000137991253914890,-0.000269929325992328,0.000174759368539403,-2.10114273553789e-05,5.23736142699607e-05,-4.26144581836047e-05,-9.82532378428269e-05,-0.000110435054018891,6.80271670747879e-05,-0.000144601813795326,-0.000111990007239753,0.803976406642286,0.382824511080078,0.278673124419428,0.168877691572758,-0.215193750813744,0.113996251559663,0.0913991498568894,-0.124755098770410,-0.0421603613386303,-0.0471119128596732,0.0128464035614676,0.110228951980837;0.136511932701160,0.00263120711478649,-0.000265712662267938,0.00151486541405748,0.00160065292628564,-0.00167818591735702,-0.000835396621095287,0.000511927533139069,0.00100139863981795,-0.000648331904314004,7.79493472854744e-05,-0.000194298510913850,0.000158093457629177,0.000364505258447956,0.000409698029201474,-0.000252370920902818,0.000536451751277900,0.000415466680068240,0.000589248332531166,0.739358806888050,-0.396057068739783,-0.133808726788219,0.350091969886893,-0.263210105721352,0.0204188423895929,0.158216951892778,0.128214707359456,0.125011267691460,0.0151750894708041,-0.101676876184629;0.0871067644005402,0.00167894435088300,-0.000169548330409191,0.000966618976889706,0.00102135904589544,-0.00107083199564341,-0.000533057405421499,0.000326655334350238,0.000638981469704898,-0.000413693464922673,4.97386220736879e-05,-0.000123979745057149,0.000100877698340978,0.000232586800597794,0.000261423811082818,-0.000161035111829769,0.000342303968497138,0.000265104723820757,0.000375992886919016,-0.000307784502479634,0.788258401406731,-0.260939391594711,0.383106516799775,-0.224854799108792,-0.115064960535209,0.209492340935157,0.0918583851321713,0.0975010827149017,-0.0127054241623412,-0.174359038393646;-0.0944437375738070,-0.00182036126318149,0.000183829328680052,-0.00104803696493021,-0.00110738777135182,0.00116102781084996,0.000577956649588172,-0.000354169402190156,-0.000692802661821297,0.000448538724931833,-5.39280893135897e-05,0.000134422516864514,-0.000109374592601742,-0.000252177507797009,-0.000283443449878585,0.000174599044591823,-0.000371136115475045,-0.000287434404645949,-0.000407662640050689,0.000333709086561951,0.000263426394656268,0.805565896557139,0.238774759558234,0.0107357984903850,-0.399876638393114,0.217391496972675,-0.0584503155502081,-0.0330856288494727,-0.0779207136831203,-0.259351621072774;-0.168758020293340,-0.00325273618860242,0.000328477825813019,-0.00187269847572101,-0.00197875023576171,0.00207459763768276,0.00103272935300394,-0.000632852200659442,-0.00123794344301071,0.000801477251842565,-9.63621074785571e-05,0.000240194621810425,-0.000195437412707603,-0.000450606658224148,-0.000506474613303431,0.000311984572692267,-0.000663169392867183,-0.000513605902713640,-0.000728437288165847,0.000596292419686199,0.000470706877949028,0.000363634434882278,0.724536661461078,0.404562017345254,0.152993787637558,-0.346611817831942,-0.172479319732391,-0.179214915160951,0.0123926943490125,0.278030100940774;0.339025680113616,0.00653457001127563,-0.000659894078544693,0.00376214933829786,0.00397520155360916,-0.00416775376870934,-0.00207469707612630,0.00127136563564222,0.00248696101660455,-0.00161012418804868,0.000193586230558480,-0.000482537925470826,0.000392623127764050,0.000905244257444006,0.00101747993924679,-0.000626760030474981,0.00133227122513360,0.00103180631163597,0.00146339087535675,-0.00119791902499987,-0.000945624505154991,-0.000730521793182944,0.000664605640426850,0.739278684921425,0.142376075358473,0.315259822228706,0.311230552539137,0.297774068164696,0.0537087045933448,-0.174167494970060;-0.350759999396441,-0.00676074382460618,0.000682734259288210,-0.00389236443442409,-0.00411279078940982,0.00431200760044811,0.00214650626149022,-0.00131537000218117,-0.00257303943580571,0.00166585362807585,-0.000200286615725085,0.000499239474691667,-0.000406212555967426,-0.000936576471399691,-0.00105269684218756,0.000648453379217299,-0.00137838364918891,-0.00106751907739080,-0.00151404159822015,0.00123938126558769,0.000978354355771125,0.000755806532561382,-0.000687608897228286,0.000244978993588385,0.646665081444920,0.312488295849825,-0.262888994420298,-0.203735282455025,-0.187308704069537,-0.464020652015781;-0.0817480872418846,-0.00157565821913828,0.000159117972081632,-0.000907154030989938,-0.000958526573266110,0.00100495602154080,0.000500264515427909,-0.000306559989390728,-0.000599672290560475,0.000388243665054403,-4.66787768384351e-05,0.000116352697576442,-9.46718540344229e-05,-0.000218278410378670,-0.000245341411342466,0.000151128473907417,-0.000321245943096628,-0.000248795879863959,-0.000352862369917084,0.000288850062719689,0.000228015159558320,0.000176148188129006,-0.000160254054668824,5.70947775537475e-05,0.000128524980312278,0.716981742146624,-0.130722570338574,-0.170079316828665,0.111130283670289,0.648754465251080;-0.423204773124187,-0.00815708479121477,0.000823743864190203,-0.00469628010668716,-0.00496223256909121,0.00520259494069304,0.00258983834236155,-0.00158704203530996,-0.00310446622346753,0.00200991335369212,-0.000241653130099208,0.000602350692738852,-0.000490110311564037,-0.00113001378085925,-0.00127011725690822,0.000782382728091813,-0.00166307030601222,-0.00128800082600724,-0.00182674658506640,0.00149535884428083,0.00118042032695186,0.000911908235513768,-0.000829625293221569,0.000295576119227284,0.000665365844865658,-0.000563773811839738,0.830941102990874,-0.343344154039481,-0.102858321999180,0.0422820569953191;-0.589487610556027,-0.0113621129250947,0.00114740388825714,-0.00654151161423797,-0.00691196036987630,0.00724676434445615,0.00360742059900420,-0.00221061215907485,-0.00432425268414152,0.00279963529604364,-0.000336601889420952,0.000839022367252927,-0.000682681233342267,-0.00157401136725513,-0.00176916338011408,0.00108979140645895,-0.00231651295811387,-0.00179407364362216,-0.00254449984477415,0.00208290541132498,0.00164422332208059,0.00127020922479442,-0.00115559620972072,0.000411711944963308,0.000926797018710261,-0.000785288111904039,-7.26856273211467e-05,0.783163297503331,-0.124016618308399,0.153058067638474;-0.249696200174124,-0.00481278380162971,0.000486019359580062,-0.00277086500923988,-0.00292778034551789,0.00306959720266427,0.00152803757003744,-0.000936374991255634,-0.00183167456700987,0.00118587444888973,-0.000142578421080919,0.000355394571849517,-0.000289171319029014,-0.000666722506794955,-0.000749385340066803,0.000461615763083711,-0.000981232638205171,-0.000759936873350827,-0.00107780372514439,0.000882280742150620,0.000696463010264026,0.000538037460292208,-0.000489489477532383,0.000174393670677266,0.000392574313286036,-0.000332633721342162,-3.07883060209589e-05,-5.43462502425441e-05,0.948727059821441,-0.193663332545143;0.0318733255384391,-0.604109427428102,0.0610060391525300,-0.347804045061331,-0.367500345136456,0.385301456489378,0.191802071227751,-0.117535501934221,-0.229915142570138,0.148853130298063,-0.0178967042512133,0.0446097768277823,-0.0362973129829960,-0.0836882287745694,-0.0940642188326582,0.0579428550756542,-0.123166115843219,-0.0953886665937526,-0.135287895345803,0.110745492824957,0.0874213111781546,0.0675354463173543,-0.0614416147062405,0.0218902125842954,0.0492766459906012,-0.0417527932327331,-0.00386460449677886,-0.00682164075306486,0.00861265404412414,0.0421160566653366];
% y_pie=MResult*(x-420.96)';
% sum_z=0;
% for i=1:d
%     yy(i)=y_pie(i)+420.96;
%     z(i)=yy(i)*sin(sqrt(abs(yy(i))))*(abs(yy(i))<=500);
%     sum_z=sum_z+z(i);
% end
% y=418.98288727243369*d-sum_z;
% end

%%
%-----12-----%%%%%%%%%%%%%%%%%%%%%%%%%%%%%%%%%%%%%%%%%%%%%%%%%%%%%%%%%%%%%%%%%%%%%%%%%%%%%%%%%
% function y=f(x)   %rotated rastrigin函数
% d=length(x)  ;
% MResult=[0.0282757583712074,-0.524957392353352,-0.327630818431575,-0.0388964477318176,0.606106935471850,0.0964607263465828,-0.328324878286362,0.0606482097770786,0.169159799523914,0.134980183732558,-0.119285272588365,-0.00139989985447308,-0.130961128673723,0.0252153213634133,0.0730530567190670,0.0725245349180152,0.147084904319645,0.0651494795193141,0.0460607117205233,-0.0553597757773474,-0.0256236694809577,0.0158638386700624,0.0328672401313138,-0.0403933409558725,0.0360268931604594,0.00582903074614443,0.0240633761903402,0.0214917125160710,0.00870084640392542,0.00611654125187997;0.0248157543866043,0.599250307103701,-0.225927362937112,-0.385398035529653,0.160786496969976,0.473788512779948,-0.0944403520960269,-0.0654768975599573,-0.0837401763045279,0.268795865073667,-0.122763355041413,0.0438245977022139,-0.151593988424436,-0.0623902753112448,-0.0308854006042007,0.122168770997055,0.00469626404004528,-0.0391594579080114,-0.0962082270791138,0.0632607030860381,0.0658020844411568,0.0821293839626063,-0.0332069498234254,-0.0133427507892936,0.0813848648850897,-0.0370520618709248,0.0172158078713208,0.0119724004184657,0.0163344183654138,0.0479027709710960;0.0162419717804885,0.000313056821197724,0.915362965302966,-0.0858156224546505,0.281088397969496,0.125724452426097,-0.153590990906156,0.0133873328087316,0.0552089539470974,0.104699573371973,-0.0717851315704078,0.00733700248351714,-0.0818499434512336,-0.000788784252852249,0.0247962665434652,0.0522334200385981,0.0620101533248516,0.0200146397074931,0.00176833200507660,-0.0115887381679612,0.00123549775344578,0.0214373756656250,0.00766650661995020,-0.0192075874790721,0.0296871371177854,-0.00427146156047768,0.0131170470154437,0.0111002007229779,0.00656966026753751,0.0111994513043418;0.0142197924635676,0.000274080209404351,-2.76780120069314e-05,0.849411949721911,-0.0211938758288116,0.390304063703550,0.00503072285126605,-0.0737639119553364,-0.118883801012076,0.199926159700573,-0.0758640558675136,0.0388685562532115,-0.0980586700213318,-0.0615576725248757,-0.0467045829787604,0.0878724717115673,-0.0352899826843458,-0.0518541625021374,-0.0968477613560841,0.0704001495854582,0.0646638683506917,0.0678874025558588,-0.0379749593221676,-0.000895258661490659,0.0618302750028337,-0.0341067791219632,0.00867317451883119,0.00475675698847142,0.0120157655321051,0.0404364154789719;-0.0404836702232810,-0.000780304835016536,7.87991465695058e-05,-0.000449245063357277,0.626201926693711,-0.0314526868322804,0.523169753342044,-0.119367505800270,-0.305835974597026,-0.152053466269431,0.165832121891430,0.0143526345398683,0.177455535775221,-0.0592674618170419,-0.130631046226046,-0.0877975907267027,-0.244681392356734,-0.119681758111367,-0.103395932571820,0.109916290244606,0.0608854585258359,-0.00401862879488035,-0.0640650199781702,0.0638923382497986,-0.0379411561253804,-0.0199031842870389,-0.0355223666651736,-0.0326589313207415,-0.0100733416456650,0.00290072776726664;-0.0349545862113927,-0.000673734186557692,6.80371010572058e-05,-0.000387889121973286,-0.000409855458048863,0.669685847055199,0.0547970485162204,0.140166371299009,0.211726457630601,-0.439327401115099,0.180219419336687,-0.0799242778031442,0.228334080570034,0.122013739602325,0.0818690413955201,-0.195715105206136,0.0436194579689774,0.0940637716579229,0.190693904635504,-0.134275350355655,-0.128342064651470,-0.143229480936907,0.0718336597428116,0.00986599553465656,-0.134733756090679,0.0692194780940371,-0.0226733577613615,-0.0140816263172259,-0.0265208301025388,-0.0846515601586291;0.0502039096972297,0.000967658150988343,-9.77190362626570e-05,0.000557110026544602,0.000588659418834586,-0.000617173111412834,0.739008668655781,0.126462998751179,0.337084062428356,0.215872928150324,-0.208932485733227,-0.00961390770039678,-0.226722787185956,0.0581429404596245,0.144737368343529,0.119509167722412,0.280832006961785,0.130916121656887,0.103399465153723,-0.115988325844789,-0.0594644907151188,0.0173746613023589,0.0681741301841947,-0.0752167290839883,0.0560920240603377,0.0170213481250762,0.0433423205964032,0.0392488207760023,0.0140721956656030,0.00413009471316962;-0.00573939628905763,-0.000110624324566605,1.11714063203155e-05,-6.36897651643120e-05,-6.72965453159612e-05,7.05562791167325e-05,3.51227337576537e-05,0.960571492265124,-0.167630362134972,0.0589001216497231,0.0138367520213401,0.0261468832800214,0.00553886888657757,-0.0536368433771202,-0.0693624479835925,0.0188716625111156,-0.101261352140320,-0.0685260396291396,-0.0877831826922075,0.0754421252934492,0.0558840020905611,0.0359339671417996,-0.0422924438124918,0.0208899717781043,0.0212556553482084,-0.0253895556163616,-0.00712489253379176,-0.00831725377804018,0.00322713503677930,0.0231754543759080;-0.0315375554509355,-0.000607872430222871,6.13860462926372e-05,-0.000349970519435303,-0.000369789507932201,0.000387701502560122,0.000192996807971300,-0.000118267631581901,0.783701177401391,0.0457779649601158,0.109440864389386,0.0603992057748479,0.0981942272454307,-0.138504202616781,-0.205545694040629,-0.00446731524594150,-0.326501394333590,-0.198477259604420,-0.229811342129620,0.207813049252675,0.143883384776291,0.0713816648497160,-0.117696772737699,0.0739249565889861,0.0248103241191050,-0.0615710637245216,-0.0319364456289117,-0.0329682900167588,0.00165506536904283,0.0487266147172833;-0.0605718365851846,-0.00116749535535122,0.000117899612429787,-0.000672162341366205,-0.000710227198180659,0.000744629433737726,0.000370674611483023,-0.000227147841710198,-0.000444331521556162,0.753738917751289,0.289716577734097,-0.0822134138891199,0.349876682836743,0.105842917568691,0.0231856593158436,-0.266041494504117,-0.0798145048311869,0.0426464848985216,0.159752418048718,-0.0929519654851461,-0.112098983160519,-0.162987418385143,0.0469562970265822,0.0447158845556102,-0.171302950548711,0.0672680827197848,-0.0441660935626066,-0.0330086786943957,-0.0350904343660038,-0.0935515736698551;0.0610981202032357,0.00117763923927998,-0.000118923993364796,0.000678002481749508,0.000716398068350184,-0.000751099210693288,-0.000373895249763929,0.000229121435292748,0.000448192134242883,-0.000290171414597760,0.871627523899785,0.0417087992283153,-0.319378306811350,-0.0294355589923406,0.0635271722963670,0.214814471331187,0.194312088370588,0.0451210345174534,-0.0361359441701808,-0.00856800546844873,0.0322966547165085,0.102001554379625,0.00940708137079344,-0.0653307130512240,0.127260263283887,-0.0292734350306783,0.0481206856395714,0.0395985969157842,0.0274373249779859,0.0554496410215300;-0.00905947314178303,-0.000174617337218859,1.76337458536882e-05,-0.000100532475517088,-0.000106225674987297,0.000111371071703281,5.54402322331544e-05,-3.39735409589819e-05,-6.64567844153865e-05,4.30258758913891e-05,-5.17302776525904e-06,0.987422967235191,0.0629325555917606,0.0402770453404376,0.0309453292101876,-0.0567166641267516,0.0240411249100136,0.0342428932594696,0.0634130861749881,-0.0462528268721678,-0.0423032271173572,-0.0441054399361548,0.0249710581184992,0.000293510960938026,-0.0400154934879492,0.0222576102110940,-0.00547682753753026,-0.00294426624855645,-0.00776421121395229,-0.0262948352869433;0.107595987441638,0.00207386506129593,-0.000209429430136714,0.00119398675882431,0.00126160276795780,-0.00132271272786065,-0.000658442984240249,0.000403491089289898,0.000789282470344881,-0.000511002298878085,6.14381235812696e-05,-0.000153142217874687,0.754423688440705,-0.0722965720260490,0.0888774946220106,0.392461461888971,0.312079814679430,0.0561398324811072,-0.0967109051981455,0.0119856925021366,0.0782477015403405,0.196138984571256,0.00154540641661283,-0.109698174606321,0.236156699886896,-0.0617589934551697,0.0837974677640786,0.0680668481034157,0.0504236756997497,0.107945041811441;0.0129361635255346,0.000249338829455595,-2.51795017614162e-05,0.000143551895630423,0.000151681304281180,-0.000159028496803307,-7.91639755245798e-05,4.85113509923537e-05,9.48946828501156e-05,-6.14373217569716e-05,7.38664732995181e-06,-1.84121436142269e-05,1.49812751145002e-05,0.960162436628833,-0.0709979877413695,0.0975017833391602,-0.0694341387816656,-0.0760841319873807,-0.129108990614655,0.0976103858484826,0.0853227122468290,0.0822281486080004,-0.0531689700160959,0.00582015214309515,0.0711838328163167,-0.0436825860537323,0.00671893831961233,0.00225982471689189,0.0135414617183110,0.0495509421553799;-0.0303811661052548,-0.000585583537130431,5.91352006297035e-05,-0.000337138130425097,-0.000356230414939639,0.000373485629438236,0.000185920182998397,-0.000113931105584730,-0.000222864461823173,0.000144288333529194,-1.73478759022512e-05,4.32417534297144e-05,-3.51842033245588e-05,-8.11218080648569e-05,0.933707363323356,-0.0417691044970324,-0.234890886003318,-0.129521794751751,-0.133908284713079,0.128585612883305,0.0820813732471536,0.0250961898556477,-0.0736533034739175,0.0570602318246696,-0.00796145772973807,-0.0323162634905818,-0.0282665940636414,-0.0273485972542084,-0.00397452483170085,0.0197078981072407;-0.124723017023114,-0.00240398098008956,0.000242766212766537,-0.00138404446473427,-0.00146242352754797,0.00153326091424308,0.000763253328351963,-0.000467718427004311,-0.000914919722617595,0.000592343171313818,-7.12177871637756e-05,0.000177519254212917,-0.000144440801745087,-0.000333027264758905,-0.000374317272192555,0.787347266190153,-0.301857164001631,-0.0186858654962686,0.177899654068945,-0.0677522839372382,-0.133218597456137,-0.260204637356863,0.0280894225172754,0.116513988093229,-0.297712555495638,0.0918953176477569,-0.0952568026593346,-0.0755841057131743,-0.0626386511767277,-0.145609883845600;-0.206427823187775,-0.00397880497561036,0.000401799940709012,-0.00229071820798912,-0.00242044261416775,0.00253768486732035,0.00126325298147110,-0.000774116109887055,-0.00151427451996701,0.000980381282885371,-0.000117871850179377,0.000293810349490651,-0.000239062532284714,-0.000551190108828263,-0.000619528788868016,0.000381625099044695,0.638249299931924,-0.361585132496504,-0.174526367273471,0.271755608817590,0.0825512717577545,-0.196555059756342,-0.166492666430066,0.268722078303644,-0.321926934332124,0.00736179923550853,-0.171054974644551,-0.148745255485944,-0.0738174266021106,-0.0950050146833637;-0.117467459832590,-0.00226413332484289,0.000228643686045360,-0.00130352994537937,-0.00137734943461670,0.00144406597238864,0.000718852316358406,-0.000440509673742970,-0.000861695766601837,0.000557884577716073,-6.70748090665281e-05,0.000167192362416173,-0.000136038194730597,-0.000313653949206296,-0.000352541978099958,0.000217163221027443,-0.000461612573336775,0.857781432758598,-0.243654559172047,0.272798083170824,0.140246722915299,-0.0397948506733325,-0.160295347173381,0.176270896097648,-0.130618111446965,-0.0403574268667399,-0.101461792009842,-0.0919213819754118,-0.0328167388917430,-0.00912824958777550;-0.0367971080833834,-0.000709247980574107,7.16234644043962e-05,-0.000408335485915941,-0.000431459708811348,0.000452358906383525,0.000225183096822974,-0.000137991253914890,-0.000269929325992328,0.000174759368539403,-2.10114273553789e-05,5.23736142699607e-05,-4.26144581836047e-05,-9.82532378428269e-05,-0.000110435054018891,6.80271670747879e-05,-0.000144601813795326,-0.000111990007239753,0.803976406642286,0.382824511080078,0.278673124419428,0.168877691572758,-0.215193750813744,0.113996251559663,0.0913991498568894,-0.124755098770410,-0.0421603613386303,-0.0471119128596732,0.0128464035614676,0.110228951980837;0.136511932701160,0.00263120711478649,-0.000265712662267938,0.00151486541405748,0.00160065292628564,-0.00167818591735702,-0.000835396621095287,0.000511927533139069,0.00100139863981795,-0.000648331904314004,7.79493472854744e-05,-0.000194298510913850,0.000158093457629177,0.000364505258447956,0.000409698029201474,-0.000252370920902818,0.000536451751277900,0.000415466680068240,0.000589248332531166,0.739358806888050,-0.396057068739783,-0.133808726788219,0.350091969886893,-0.263210105721352,0.0204188423895929,0.158216951892778,0.128214707359456,0.125011267691460,0.0151750894708041,-0.101676876184629;0.0871067644005402,0.00167894435088300,-0.000169548330409191,0.000966618976889706,0.00102135904589544,-0.00107083199564341,-0.000533057405421499,0.000326655334350238,0.000638981469704898,-0.000413693464922673,4.97386220736879e-05,-0.000123979745057149,0.000100877698340978,0.000232586800597794,0.000261423811082818,-0.000161035111829769,0.000342303968497138,0.000265104723820757,0.000375992886919016,-0.000307784502479634,0.788258401406731,-0.260939391594711,0.383106516799775,-0.224854799108792,-0.115064960535209,0.209492340935157,0.0918583851321713,0.0975010827149017,-0.0127054241623412,-0.174359038393646;-0.0944437375738070,-0.00182036126318149,0.000183829328680052,-0.00104803696493021,-0.00110738777135182,0.00116102781084996,0.000577956649588172,-0.000354169402190156,-0.000692802661821297,0.000448538724931833,-5.39280893135897e-05,0.000134422516864514,-0.000109374592601742,-0.000252177507797009,-0.000283443449878585,0.000174599044591823,-0.000371136115475045,-0.000287434404645949,-0.000407662640050689,0.000333709086561951,0.000263426394656268,0.805565896557139,0.238774759558234,0.0107357984903850,-0.399876638393114,0.217391496972675,-0.0584503155502081,-0.0330856288494727,-0.0779207136831203,-0.259351621072774;-0.168758020293340,-0.00325273618860242,0.000328477825813019,-0.00187269847572101,-0.00197875023576171,0.00207459763768276,0.00103272935300394,-0.000632852200659442,-0.00123794344301071,0.000801477251842565,-9.63621074785571e-05,0.000240194621810425,-0.000195437412707603,-0.000450606658224148,-0.000506474613303431,0.000311984572692267,-0.000663169392867183,-0.000513605902713640,-0.000728437288165847,0.000596292419686199,0.000470706877949028,0.000363634434882278,0.724536661461078,0.404562017345254,0.152993787637558,-0.346611817831942,-0.172479319732391,-0.179214915160951,0.0123926943490125,0.278030100940774;0.339025680113616,0.00653457001127563,-0.000659894078544693,0.00376214933829786,0.00397520155360916,-0.00416775376870934,-0.00207469707612630,0.00127136563564222,0.00248696101660455,-0.00161012418804868,0.000193586230558480,-0.000482537925470826,0.000392623127764050,0.000905244257444006,0.00101747993924679,-0.000626760030474981,0.00133227122513360,0.00103180631163597,0.00146339087535675,-0.00119791902499987,-0.000945624505154991,-0.000730521793182944,0.000664605640426850,0.739278684921425,0.142376075358473,0.315259822228706,0.311230552539137,0.297774068164696,0.0537087045933448,-0.174167494970060;-0.350759999396441,-0.00676074382460618,0.000682734259288210,-0.00389236443442409,-0.00411279078940982,0.00431200760044811,0.00214650626149022,-0.00131537000218117,-0.00257303943580571,0.00166585362807585,-0.000200286615725085,0.000499239474691667,-0.000406212555967426,-0.000936576471399691,-0.00105269684218756,0.000648453379217299,-0.00137838364918891,-0.00106751907739080,-0.00151404159822015,0.00123938126558769,0.000978354355771125,0.000755806532561382,-0.000687608897228286,0.000244978993588385,0.646665081444920,0.312488295849825,-0.262888994420298,-0.203735282455025,-0.187308704069537,-0.464020652015781;-0.0817480872418846,-0.00157565821913828,0.000159117972081632,-0.000907154030989938,-0.000958526573266110,0.00100495602154080,0.000500264515427909,-0.000306559989390728,-0.000599672290560475,0.000388243665054403,-4.66787768384351e-05,0.000116352697576442,-9.46718540344229e-05,-0.000218278410378670,-0.000245341411342466,0.000151128473907417,-0.000321245943096628,-0.000248795879863959,-0.000352862369917084,0.000288850062719689,0.000228015159558320,0.000176148188129006,-0.000160254054668824,5.70947775537475e-05,0.000128524980312278,0.716981742146624,-0.130722570338574,-0.170079316828665,0.111130283670289,0.648754465251080;-0.423204773124187,-0.00815708479121477,0.000823743864190203,-0.00469628010668716,-0.00496223256909121,0.00520259494069304,0.00258983834236155,-0.00158704203530996,-0.00310446622346753,0.00200991335369212,-0.000241653130099208,0.000602350692738852,-0.000490110311564037,-0.00113001378085925,-0.00127011725690822,0.000782382728091813,-0.00166307030601222,-0.00128800082600724,-0.00182674658506640,0.00149535884428083,0.00118042032695186,0.000911908235513768,-0.000829625293221569,0.000295576119227284,0.000665365844865658,-0.000563773811839738,0.830941102990874,-0.343344154039481,-0.102858321999180,0.0422820569953191;-0.589487610556027,-0.0113621129250947,0.00114740388825714,-0.00654151161423797,-0.00691196036987630,0.00724676434445615,0.00360742059900420,-0.00221061215907485,-0.00432425268414152,0.00279963529604364,-0.000336601889420952,0.000839022367252927,-0.000682681233342267,-0.00157401136725513,-0.00176916338011408,0.00108979140645895,-0.00231651295811387,-0.00179407364362216,-0.00254449984477415,0.00208290541132498,0.00164422332208059,0.00127020922479442,-0.00115559620972072,0.000411711944963308,0.000926797018710261,-0.000785288111904039,-7.26856273211467e-05,0.783163297503331,-0.124016618308399,0.153058067638474;-0.249696200174124,-0.00481278380162971,0.000486019359580062,-0.00277086500923988,-0.00292778034551789,0.00306959720266427,0.00152803757003744,-0.000936374991255634,-0.00183167456700987,0.00118587444888973,-0.000142578421080919,0.000355394571849517,-0.000289171319029014,-0.000666722506794955,-0.000749385340066803,0.000461615763083711,-0.000981232638205171,-0.000759936873350827,-0.00107780372514439,0.000882280742150620,0.000696463010264026,0.000538037460292208,-0.000489489477532383,0.000174393670677266,0.000392574313286036,-0.000332633721342162,-3.07883060209589e-05,-5.43462502425441e-05,0.948727059821441,-0.193663332545143;0.0318733255384391,-0.604109427428102,0.0610060391525300,-0.347804045061331,-0.367500345136456,0.385301456489378,0.191802071227751,-0.117535501934221,-0.229915142570138,0.148853130298063,-0.0178967042512133,0.0446097768277823,-0.0362973129829960,-0.0836882287745694,-0.0940642188326582,0.0579428550756542,-0.123166115843219,-0.0953886665937526,-0.135287895345803,0.110745492824957,0.0874213111781546,0.0675354463173543,-0.0614416147062405,0.0218902125842954,0.0492766459906012,-0.0417527932327331,-0.00386460449677886,-0.00682164075306486,0.00861265404412414,0.0421160566653366];
% % MResult=M(d);
% yy=MResult*(x');
% y=0;
% for i=1:d
%     y=y+yy(i)^2-10*cos(2*pi*yy(i))+10;
% end
% end

%%
%-----13-----%%%%%%%%%%%%%%%%%%%%%%%%%%%%%%%%%%%%%%%%%%%%%%%%%%%%%%%%%%%%%%%%%%%%%%%%%%%%%%%%%
% function y=f(x)   %rotated ackley函数
% d=length(x)  ;
% % MResult=Mat(d);      %原始产生代码，但是运行速度太慢了
